top48 = [['New York', 40.714, -74.007], ['Los Angeles', 34.052, -118.243], ['Chicago', 41.882, -87.628], ['Houston', 29.76, -95.363], ['Phoenix', 33.448, -112.074], ['Philadelphia', 39.952, -75.164], ['Jacksonville', 30.328, -81.657], ['Columbus', 39.962, -83.001], ['Indianapolis', 39.769, -86.158], ['Charlotte', 35.227, -80.843], ['Seattle', 47.607, -122.338], ['Denver', 39.739, -104.987], ['Nashville', 36.164, -86.783], ['Oklahoma City', 35.468, -97.516], ['Boston', 42.359, -71.057], ['Portland', 45.519, -122.679], ['Las Vegas', 36.171, -115.144], ['Detroit', 42.332, -83.047], ['Louisville', 38.257, -85.757], ['Baltimore', 39.289, -76.615], ['Milwaukee', 43.042, -87.905], ['Albuquerque', 35.084, -106.652], ['Kansas City', 39.104, -94.583], ['Atlanta', 33.749, -84.39], ['Omaha', 41.26, -95.94], ['Virginia Beach', 36.845, -75.974], ['Minneapolis', 44.977, -93.272], ['Wichita', 37.686, -97.338], ['New Orleans', 29.957, -90.063], ['Newark', 40.736, -74.172], ['Boise', 43.615, -116.202], ['Huntsville', 34.73, -86.586], ['Des Moines', 41.587, -93.626], ['Little Rock', 34.747, -92.288], ['Salt Lake City', 40.769, -111.891], ['Sioux Falls', 43.547, -96.727], ['Providence', 41.824, -71.413], ['Jackson', 32.3, -90.186], ['Charleston', 32.776, -79.931], ['Bridgeport', 41.198, -73.194], ['Fargo', 46.874, -96.788], ['Billings', 45.783, -108.507], ['Manchester', 42.991, -71.463], ['Wilmington', 39.738, -75.553], ['Portland', 43.659, -70.257], ['Cheyenne', 41.14, -104.82], ['Charleston', 38.35, -81.633], ['Burlington', 44.476, -73.214]]
g = [[0.0, 3086.703983270828, 943.298051129652, 1656.0989717924465, 2674.0426730785352, 95.59159990815074, 890.0505111823707, 622.7514335109955, 840.9507188807199, 604.8355375347913, 3368.5846711356376, 2138.6783746101232, 935.780116499597, 1662.0173631213963, 233.057905948286, 3374.6937209840244, 2855.7095428803677, 633.6722131859651, 828.2855791265474, 205.06225378894018, 972.3223523441183, 2285.7575803057066, 1424.0835697514378, 862.6874222764577, 1513.8458555629097, 299.4810649273172, 1361.4408062174425, 1623.3404407409425, 1333.518829557723, 11.485754176369403, 2918.3279194747797, 961.156618463921, 1355.0505406404588, 1326.8828275510987, 2613.9987547894893, 1579.8201922779058, 194.68440177887953, 1258.2910774367751, 683.4331399778614, 65.28526805489908, 1628.3408825921551, 2406.057565213476, 235.57882346467454, 126.15290964539771, 329.00430776055197, 2126.3001812173643, 550.8965012522764, 265.28228017151855], [3086.703983270828, 0.0, 2180.429614118511, 1606.2566657617328, 427.6963594619433, 3000.199219618757, 2537.4777646891803, 2465.6536349017065, 2248.7345743671035, 2581.873257080021, 977.0435328325959, 995.2840535771685, 2175.6260702574787, 1433.4965218600978, 3305.9028701770712, 848.363866972775, 259.03928868416796, 2494.8217092561945, 2260.234234361783, 2894.9727302399588, 2183.296015611259, 802.9427302771969, 1669.3413208041065, 2335.9505617837885, 1617.2797428252784, 2922.9211259987833, 1880.685429471393, 1464.0768881930348, 1964.8426055094076, 3075.6736625684134, 674.70798917013, 2184.8339091136877, 1776.3619686184454, 1791.5369332084672, 637.8899534190825, 1622.737536030087, 3275.467780443581, 1939.7037116613963, 2644.993767992658, 3147.2455275426155, 1724.6145353524655, 1051.8960202306116, 3286.221704340868, 2971.623165823015, 3376.738074065709, 1047.3842562082934, 2543.438559891707, 3189.1667262056085], [943.298051129652, 2180.429614118511, 0.0, 992.1929106524595, 1784.3395624129391, 870.2653441083356, 897.3920386748481, 345.6585216206881, 177.60858681099847, 655.7732193754177, 2427.348728700719, 1206.8637114976982, 398.8268581590259, 813.2402758963676, 1143.8726060055812, 2431.503971119521, 1939.0666941332886, 317.61038777250366, 281.4765841522167, 780.6758248453712, 82.2903905021725, 1393.9458146499094, 516.7602927363904, 604.0173966145343, 575.1315688675069, 876.0203831447071, 444.14652550819335, 729.8703629248138, 839.8035608700404, 931.8251428095297, 1975.2288166602368, 498.69803343105343, 414.3622582583991, 588.0153321342902, 1675.907502464859, 638.2556915421909, 1118.842157423915, 684.3119588082618, 822.7018033558695, 997.0636375537921, 719.8048251463725, 1465.58085903235, 1118.0067806887403, 846.2066182209876, 1204.854144936224, 1187.352328800512, 480.1083714006663, 1010.5431789646598], [1656.0989717924465, 1606.2566657617328, 992.1929106524595, 0.0, 1180.805257553082, 1561.1034078064781, 946.5257432632249, 1105.93859518872, 938.2784963250514, 1070.542257983775, 2231.7698106825437, 956.5944024177641, 738.7435818848105, 420.9377390458122, 1889.0335509347099, 2175.9737613438724, 1434.7834217058687, 1214.35891294131, 884.9078372604682, 1451.1166636576816, 1051.0520844220803, 861.219781598751, 646.9784402095636, 805.6140793518941, 794.4981591979931, 1424.3621482986687, 1059.8394833983114, 563.6168227271075, 365.9525374266448, 1646.6746376795265, 1726.6895980187057, 695.9655815261268, 824.8172898151445, 404.2587107707143, 1370.258811416661, 955.9472889573982, 1850.3615591435096, 397.8909335094223, 1084.9531564450147, 1721.2594633596061, 1184.9524528777515, 1429.9844483997022, 1884.9372476878377, 1530.4887246967878, 1980.0636993685325, 1020.9651142370141, 1117.5039422749257, 1834.853699393224], [2674.0426730785352, 427.6963594619433, 1784.3395624129391, 1180.805257553082, 0.0, 2586.0276878401746, 2109.785198528277, 2055.773365554919, 1840.6247569282011, 2158.4322786972025, 1206.6657521853347, 653.8719387234783, 1755.112809894851, 1014.1257576868852, 2896.1924659473166, 1108.68006621658, 283.1492074313474, 2094.5701928522235, 1845.9414747412766, 2479.6433931277297, 1794.2459906927477, 390.7775267079722, 1268.4095988035567, 1910.3089042814515, 1236.8782645434433, 2501.903852758734, 1521.8106739161078, 1057.9982649985777, 1537.742368773781, 2663.1466435455636, 757.1418544453874, 1760.8952329278422, 1391.2905559317935, 1368.1730851456625, 505.30679129613907, 1267.648894532709, 2864.517608257453, 1512.3478617460994, 2218.3516450538227, 2735.4970592014897, 1403.8054188497779, 885.9871750505195, 2878.484644977284, 2557.0505749204494, 2970.148267950608, 729.5339033794114, 2127.488408590045, 2787.221143760215], [95.59159990815074, 3000.199219618757, 870.2653441083356, 1561.1034078064781, 2586.0276878401746, 0.0, 801.0553060962767, 540.7534402192929, 758.691083725781, 509.7445505603764, 3297.5830570375324, 2057.8394833363454, 843.241276210433, 1573.0156260380888, 328.46535217279774, 3300.9608033652867, 2770.928973236413, 568.1767240295925, 740.2149234607476, 110.07543854102917, 904.6138970527703, 2198.4828985570934, 1341.1879592603714, 767.0996759776397, 1436.382199639079, 221.5485562783021, 1296.668240502944, 1537.9742954132876, 1237.9304326116228, 87.24394489017581, 2842.8795607434727, 866.5789306508668, 1278.863707792586, 1234.9330800334887, 2534.7899371936132, 1508.383233277936, 289.26051750109303, 1163.245843520621, 594.4391648141965, 160.8368539110362, 1566.6365440203413, 2335.582436098114, 330.4294805885218, 30.634523613073892, 424.3387691196738, 2047.9052142323378, 459.84431252870746, 339.91921221960973], [890.0505111823707, 2537.4777646891803, 897.3920386748481, 946.5257432632249, 2109.785198528277, 801.0553060962767, 0.0, 671.1834400609125, 721.6736421693674, 342.6654002332302, 3049.696655918749, 1735.807179320618, 535.9606790539772, 1150.3098439294527, 1106.3800067431623, 3018.3623646548804, 2345.5127058914013, 833.8104462502255, 615.9155089791133, 709.4639087966352, 977.4728596232228, 1755.5986101387189, 1078.0345278199582, 302.12648895785384, 1241.0656818206683, 596.6317047039987, 1289.9520491808992, 1195.1826291094594, 580.5786329146125, 884.5780866203953, 2553.8403506942245, 455.98844595559655, 1133.8319725435517, 794.3866706094708, 2207.039437200206, 1383.1821663183057, 1062.4600910490708, 604.0264295748993, 206.6752152049202, 950.5467372565115, 1547.07367497382, 2137.6412979087495, 1121.688764767215, 773.9294070365848, 1210.307128757407, 1763.7888903701032, 553.5204771821908, 1136.8263624815356], [622.7514335109955, 2465.6536349017065, 345.6585216206881, 1105.93859518872, 2055.773365554919, 540.7534402192929, 671.1834400609125, 0.0, 218.23968103440745, 359.04664993423944, 2765.037228146123, 1517.112031764628, 369.831812595942, 1048.439642335695, 840.5682547806575, 2764.5019705207296, 2233.239262356365, 163.5607996312073, 223.61281922331756, 443.0741663931679, 399.5786127609932, 1666.2674050958924, 801.3478556582025, 439.2796547644791, 897.2720443237931, 530.4229671667698, 788.6662753192885, 1001.6408118407509, 844.994714959212, 611.5374553017996, 2304.693798839663, 437.6256611408889, 741.6497025213453, 734.9215686275642, 1994.1875600326566, 978.8648977570907, 809.8283643266645, 724.7643499158886, 539.187633812201, 682.036101056975, 1064.1605682381767, 1805.1645926610126, 823.0988135606813, 514.1443685191938, 915.5895584512746, 1507.7035964157537, 145.88186195685927, 743.6700955161505], [840.9507188807199, 2248.7345743671035, 177.60858681099847, 938.2784963250514, 1840.6247569282011, 758.691083725781, 721.6736421693674, 218.23968103440745, 0.0, 482.40321996126846, 2554.32990275023, 1299.2026490509475, 252.45562114953964, 838.0099427602277, 1057.1833620810537, 2550.9906948283838, 2015.383343634655, 278.12469809421845, 107.93472631641771, 659.299419451436, 255.99407301341978, 1450.565226255269, 583.133079879713, 432.9233101416459, 682.7535356224819, 731.0862821527975, 608.3447130205047, 784.695015231395, 728.6751819631294, 829.7211555004492, 2089.952539454425, 348.9429330205729, 530.3409663867203, 546.7891231763848, 1776.9171851633944, 774.4525235577713, 1027.238412468109, 585.5281009012294, 646.0905113511573, 899.9339039379502, 882.2235549592857, 1596.937879730142, 1038.0414419227207, 731.748126301667, 1129.523679548596, 1291.1481721649916, 327.2170755721654, 950.3556763575417], [604.8355375347913, 2581.873257080021, 655.7732193754177, 1070.542257983775, 2158.4322786972025, 509.7445505603764, 342.6654002332302, 359.04664993423944, 482.40321996126846, 0.0, 2987.866858215907, 1694.7766459566283, 414.9279817136944, 1150.5571757240057, 835.5305131591548, 2972.7520410824714, 2367.665136343609, 513.2906289822562, 398.34158363896694, 404.55323148876283, 726.7834853028791, 1780.848334847749, 985.0791687823875, 265.140461591587, 1121.7891276786377, 354.02504104229695, 1089.9871731818682, 1150.7323981995112, 732.7699293093294, 596.9649437295295, 2507.4807198511016, 397.74809256362215, 985.1660643409316, 790.399216488098, 2176.1730022560246, 1237.2449548961597, 794.0857108329054, 675.5624280982479, 180.44713725908733, 669.5490721089831, 1362.4584813762215, 2043.059626724585, 840.1698406012924, 479.7024756877959, 933.8278091918231, 1703.9788515641849, 222.27457629922517, 827.2683975361325], [3368.5846711356376, 977.0435328325959, 2427.348728700719, 2231.7698106825437, 1206.6657521853347, 3297.5830570375324, 3049.696655918749, 2765.037228146123, 2554.32990275023, 2987.866858215907, 0.0, 1314.5588832855683, 2577.221838436497, 1906.557534092532, 3556.8696652906747, 145.98066661376788, 932.2299180202269, 2735.4025562732077, 2605.2339247025393, 3206.6682712954575, 2396.66582346267, 1384.9524291920638, 2002.9513131561632, 2787.5443792965875, 1873.3707291118326, 3284.168885355928, 2013.7473048562963, 1855.8643089948682, 2538.223054249763, 3357.0993955968893, 505.0996061768407, 2622.0205483010614, 2024.2056952750618, 2255.3419204413326, 861.5280786677813, 1789.2259082857584, 3536.409008776275, 2457.073774967491, 3099.868453952522, 3419.6500360324876, 1763.6753486481007, 962.6020255832618, 3524.7946661672368, 3273.50819683501, 3603.8993047343865, 1288.4766929568418, 2880.358759132966, 3396.4338248605695], [2138.6783746101232, 995.2840535771685, 1206.8637114976982, 956.5944024177641, 653.8719387234783, 2057.8394833363454, 1735.807179320618, 1517.112031764628, 1299.2026490509475, 1694.7766459566283, 1314.5588832855683, 0.0, 1280.068542462082, 593.790130940216, 2348.1393436719204, 1284.2441636635929, 742.817201438551, 1524.39607467646, 1330.8045293971604, 1957.9142220036094, 1200.4900172900227, 341.1228389451516, 719.2118641964964, 1480.072531786533, 633.003645842581, 2011.8315280373251, 885.455438917735, 546.460876559338, 1231.2455974743618, 2127.3475860972976, 818.7471528872638, 1315.8697675689639, 794.2119556044212, 941.5015613715144, 481.64825160691765, 627.5908038714392, 2321.0688265238923, 1143.0039462057855, 1794.380129823388, 2196.0257116732487, 749.9504140848248, 482.60721057191074, 2324.013910216546, 2030.946001172114, 2411.5863259066628, 97.35335171425815, 1614.2735984823018, 2216.5681593801705], [935.780116499597, 2175.6260702574787, 398.8268581590259, 738.7435818848105, 1755.112809894851, 843.241276210433, 535.9606790539772, 369.831812595942, 252.45562114953964, 414.9279817136944, 2577.221838436497, 1280.068542462082, 0.0, 742.1324662787637, 1166.2533026152596, 2559.5548288718096, 1956.9090596065014, 497.57526176448937, 160.83550704057822, 733.9792061693578, 480.85509402313704, 1372.9848119775397, 575.1620811562595, 234.58654461413593, 723.0853181091422, 747.2997592412296, 755.151616888953, 735.8276886262158, 484.403829969376, 925.5791399469849, 2094.0050176831, 99.87532510585419, 602.4596142962616, 392.22669918556, 1761.349430785669, 854.5750282011521, 1130.1528093580976, 355.27231626598825, 527.4256733682957, 999.90994024312, 1011.2776271257065, 1639.323452359845, 1157.2892794668933, 813.1654420448525, 1252.0861393933722, 1291.0450310291267, 386.0369387196001, 1097.9613048304573], [1662.0173631213963, 1433.4965218600978, 813.2402758963676, 420.9377390458122, 1014.1257576868852, 1573.0156260380888, 1150.3098439294527, 1048.439642335695, 838.0099427602277, 1150.5571757240057, 1906.557534092532, 593.790130940216, 742.1324662787637, 0.0, 1886.5722566819436, 1869.6315809190855, 1217.2988389352058, 1105.005340157685, 833.8803500035241, 1466.070332474538, 844.3322157285012, 630.9405879098282, 322.33403727344717, 913.4277152336689, 414.17844154422113, 1489.431597816093, 718.5037853324083, 153.53403950915882, 639.5757727822406, 1651.2410168597441, 1406.5514267189092, 755.8871866780128, 500.30596300763796, 364.14631513308007, 1057.1674309143277, 560.103061839515, 1853.7326688454843, 550.9861662183544, 1227.50028217064, 1724.1615621582569, 788.6154259333251, 1040.0506804314875, 1871.1018152997453, 1543.8220255939484, 1963.9508702312287, 638.0914667976676, 1113.822469468542, 1788.32675061019], [233.057905948286, 3305.9028701770712, 1143.8726060055812, 1889.0335509347099, 2896.1924659473166, 328.46535217279774, 1106.3800067431623, 840.5682547806575, 1057.1833620810537, 835.5305131591548, 3556.8696652906747, 2348.1393436719204, 1166.2533026152596, 1886.5722566819436, 0.0, 3568.585333199138, 3071.8215021047367, 827.3120976203596, 1053.0503309168087, 438.11611806004083, 1163.4668470880465, 2506.8276892618683, 1638.7575551194261, 1095.1258414579577, 1718.600786654655, 509.76518681153607, 1543.4424736247868, 1841.8320456246813, 1565.9164102978168, 242.35953126295635, 3116.2103264896928, 1193.8226023166087, 1558.171781911417, 1556.2489279369797, 2819.6811426499985, 1773.1258053742267, 44.340808754464554, 1491.2656379203543, 901.1879843656369, 167.80893626383556, 1802.5642010608108, 2594.8277977615394, 51.83089677016939, 359.0895305867324, 105.32392890506858, 2331.1649029894897, 780.4136615776273, 208.53916471013272], [3374.6937209840244, 848.363866972775, 2431.503971119521, 2175.9737613438724, 1108.68006621658, 3300.9608033652867, 3018.3623646548804, 2764.5019705207296, 2550.9906948283838, 2972.7520410824714, 145.98066661376788, 1284.2441636635929, 2559.5548288718096, 1869.6315809190855, 3568.585333199138, 0.0, 828.4636910384181, 2743.4354818499014, 2596.427668164087, 3207.3535018697276, 2405.4854824764584, 1319.6039462634233, 1988.514208297492, 2763.9477897350016, 1868.2483653738334, 3277.7507879735153, 2029.4276117400689, 1830.1554719121546, 2493.545156458972, 3363.2146858352653, 465.82280208787563, 2599.301682446653, 2022.932949584093, 2224.8074627403157, 813.3324885211457, 1795.8502203602616, 3546.530046868488, 2420.451756307074, 3077.876119637209, 3427.4573757270855, 1788.9238475871466, 978.0376516678689, 3538.206325787122, 3276.0687269892555, 3619.3941180153342, 1268.773834945378, 2875.047664160892, 3413.8436499514737], [2855.7095428803677, 259.03928868416796, 1939.0666941332886, 1434.7834217058687, 283.1492074313474, 2770.928973236413, 2345.5127058914013, 2233.239262356365, 2015.383343634655, 2367.665136343609, 932.2299180202269, 742.817201438551, 1956.9090596065014, 1217.2988389352058, 3071.8215021047367, 828.4636910384181, 0.0, 2255.1236653740307, 2032.8050699870364, 2667.1920904136255, 1938.364331306682, 590.7287945521196, 1433.0707159139083, 2128.596432065036, 1370.8123167148015, 2703.1300858330883, 1626.8936121394045, 1233.053091809514, 1782.91294506406, 2844.561306572422, 518.7978724898553, 1973.0089351153485, 1531.0497987263511, 1580.121862905517, 388.6336597529863, 1368.9002931787984, 3042.5454116528817, 1742.6925070720306, 2440.9635222251895, 2915.258760945416, 1466.1435656664055, 805.972909093724, 3050.5040941655866, 2742.8439685789644, 3140.0026080869743, 790.572410381871, 2317.1420125408804, 2949.3750559949144], [633.6722131859651, 2494.8217092561945, 317.61038777250366, 1214.35891294131, 2094.5701928522235, 568.1767240295925, 833.8104462502255, 163.5607996312073, 278.12469809421845, 513.2906289822562, 2735.4025562732077, 1524.39607467646, 497.57526176448937, 1105.005340157685, 827.3120976203596, 2743.4354818499014, 2255.1236653740307, 0.0, 337.67534811561285, 490.9701436472488, 338.76304536357003, 1703.7964337235248, 826.5591763933181, 599.4330591634064, 892.6867713330361, 617.673331930398, 728.7479678530848, 1036.879686230278, 981.5595745755835, 622.1980681430955, 2289.407225190399, 578.5925664273611, 731.7587966167545, 824.913125647786, 1993.1558672379344, 947.6356228134318, 803.5109104548612, 849.5868457932955, 693.5326989493716, 684.3449254323433, 998.5824487967933, 1772.8045819438198, 800.588350812701, 547.1872801811096, 887.2472502459498, 1504.5867190271883, 291.5666011737284, 694.4178134415906], [828.2855791265474, 2260.234234361783, 281.4765841522167, 884.9078372604682, 1845.9414747412766, 740.2149234607476, 615.9155089791133, 223.61281922331756, 107.93472631641771, 398.34158363896694, 2605.2339247025393, 1330.8045293971604, 160.83550704057822, 833.8803500035241, 1053.0503309168087, 2596.427668164087, 2032.8050699870364, 337.67534811561285, 0.0, 634.8044549843684, 361.9056840794298, 1458.2835423860474, 611.7918569946804, 325.0387285124649, 732.5431331860257, 682.0217488562956, 695.6131745625581, 800.0596922242732, 645.1837094936602, 817.4612209921648, 2132.9887636433996, 249.99500829016563, 589.5768825361118, 511.597013694372, 1811.556991126694, 840.3423855786401, 1019.8793462096393, 512.1914664361367, 551.929430051524, 890.2830451322773, 965.8414101963115, 1653.415047994907, 1038.9695294434778, 711.4531646545686, 1132.5916592682468, 1330.3043568063656, 284.62834543488526, 966.0069246180385], [205.06225378894018, 2894.9727302399588, 780.6758248453712, 1451.1166636576816, 2479.6433931277297, 110.07543854102917, 709.4639087966352, 443.0741663931679, 659.299419451436, 404.55323148876283, 3206.6682712954575, 1957.9142220036094, 733.9792061693578, 1466.070332474538, 438.11611806004083, 3207.3535018697276, 2667.1920904136255, 490.9701436472488, 634.8044549843684, 0.0, 820.9234482879635, 2092.763736983705, 1239.857713001375, 658.7322166290338, 1340.3424781099793, 174.33962526344953, 1214.496033617649, 1434.158548145218, 1129.4415399692014, 195.9169674581553, 2747.76405592711, 756.5034950626472, 1184.420574764303, 1125.9326318092928, 2436.185273811498, 1418.488144888071, 399.2890495230239, 1053.2803374610207, 504.2905254166491, 270.3138032768577, 1487.0775148572452, 2245.705359948184, 437.74454878159247, 79.55807718264668, 532.3342800383978, 1950.3313831208275, 352.25189317447257, 427.9767481651308], [972.3223523441183, 2183.296015611259, 82.2903905021725, 1051.0520844220803, 1794.2459906927477, 904.6138970527703, 977.4728596232228, 399.5786127609932, 255.99407301341978, 726.7834853028791, 2396.66582346267, 1200.4900172900227, 480.85509402313704, 844.3322157285012, 1163.4668470880465, 2405.4854824764584, 1938.364331306682, 338.76304536357003, 361.9056840794298, 820.9234482879635, 0.0, 1405.2638539623083, 534.9326095948909, 685.55267289538, 567.886134703956, 927.662775349965, 393.6564232347799, 748.4774006107328, 915.0612076954197, 960.8430860057226, 1952.8932611430657, 580.7042008673611, 407.31551532687797, 647.3425185742088, 1662.4486114539002, 609.714504952113, 1141.0471981771836, 757.7240741358299, 896.934797937955, 1023.0023329284248, 667.5261027053547, 1434.0641771151668, 1134.5034576258467, 882.2516032969282, 1218.4559800308748, 1174.4903238720185, 540.4636059236553, 1018.4966499488353], [2285.7575803057066, 802.9427302771969, 1393.9458146499094, 861.219781598751, 390.7775267079722, 2198.4828985570934, 1755.5986101387189, 1666.2674050958924, 1450.565226255269, 1780.848334847749, 1384.9524291920638, 341.1228389451516, 1372.9848119775397, 630.9405879098282, 2506.8276892618683, 1319.6039462634233, 590.7287945521196, 1703.7964337235248, 1458.2835423860474, 2092.763736983705, 1405.2638539623083, 0.0, 877.7417316733894, 1538.837481772848, 853.1757785591433, 2120.2666041337816, 1148.1729560867554, 667.2731682002511, 1198.0614671418157, 2274.79878111098, 883.5785051827595, 1384.7694423231617, 1004.573853076517, 991.3887368055987, 533.4300078791969, 899.9885440570891, 2475.5664577387133, 1152.2789527419127, 1850.6138372186135, 2346.8306535325464, 1060.6774531194676, 749.2447726784618, 2488.5827106146185, 2169.726385615707, 2580.0156938766863, 436.5653501596296, 1740.9578093787916, 2396.505699469125], [1424.0835697514378, 1669.3413208041065, 516.7602927363904, 646.9784402095636, 1268.4095988035567, 1341.1879592603714, 1078.0345278199582, 801.3478556582025, 583.133079879713, 985.0791687823875, 2002.9513131561632, 719.2118641964964, 575.1620811562595, 322.33403727344717, 1638.7575551194261, 1988.514208297492, 1433.0707159139083, 826.5591763933181, 611.7918569946804, 1239.857713001375, 534.9326095948909, 877.7417316733894, 0.0, 794.4692300611772, 175.77788935187488, 1293.447214648514, 415.210617458176, 213.79702053349544, 703.9961795698893, 1412.85372015117, 1523.838532326178, 628.9374980751268, 183.61181339445466, 339.7889149369061, 1199.765144821686, 340.3944558670132, 1609.7084814648892, 558.9767678759107, 1101.246675167739, 1482.8967804527053, 557.300168603061, 1065.5682689236767, 1617.66842325892, 1313.7985147715765, 1707.666084180686, 720.1876941915903, 895.0632978599895, 1520.3387802542566], [862.6874222764577, 2335.9505617837885, 604.0173966145343, 805.6140793518941, 1910.3089042814515, 767.0996759776397, 302.12648895785384, 439.2796547644791, 432.9233101416459, 265.140461591587, 2787.5443792965875, 1480.072531786533, 234.58654461413593, 913.4277152336689, 1095.1258414579577, 2763.9477897350016, 2128.596432065036, 599.4330591634064, 325.0387285124649, 658.7322166290338, 685.55267289538, 1538.837481772848, 794.4692300611772, 0.0, 950.6427791662858, 618.7506355487642, 987.8282239276219, 933.7988831397257, 470.83181803378596, 854.1121263470037, 2298.167515500121, 165.95578717537964, 835.834512532236, 549.2955092552638, 1958.4157102517843, 1087.0563452981635, 1054.6129248183904, 412.23222355487985, 314.91081437448304, 927.884582767167, 1245.7816317754086, 1859.7347738441094, 1096.4746839635654, 736.591369138955, 1191.0243261281437, 1499.0824157934073, 370.1015539686372, 1068.879944289816], [1513.8458555629097, 1617.2797428252784, 575.1315688675069, 794.4981591979931, 1236.8782645434433, 1436.382199639079, 1241.0656818206683, 897.2720443237931, 682.7535356224819, 1121.7891276786377, 1873.3707291118326, 633.003645842581, 723.0853181091422, 414.17844154422113, 1718.600786654655, 1868.2483653738334, 1370.8123167148015, 892.6867713330361, 732.5431331860257, 1340.3424781099793, 567.886134703956, 853.1757785591433, 175.77788935187488, 950.6427791662858, 0.0, 1410.9333885556039, 315.70280992255954, 264.80074901706735, 879.0311267628691, 1502.4271111771113, 1407.4895094134806, 787.1391531209713, 161.2523504479853, 515.2238501399172, 1101.1403043218431, 166.88499818138246, 1692.8103788744327, 734.745086595344, 1250.1504031343588, 1569.4798303769305, 391.76022271282244, 921.5750608051419, 1693.131062939311, 1410.6176344186968, 1779.8411772093593, 612.7759433920359, 1007.3960986568293, 1583.7172026760334], [299.4810649273172, 2922.9211259987833, 876.0203831447071, 1424.3621482986687, 2501.903852758734, 221.5485562783021, 596.6317047039987, 530.4229671667698, 731.0862821527975, 354.02504104229695, 3284.168885355928, 2011.8315280373251, 747.2997592412296, 1489.431597816093, 509.76518681153607, 3277.7507879735153, 2703.1300858330883, 617.673331930398, 682.0217488562956, 174.33962526344953, 927.662775349965, 2120.2666041337816, 1293.447214648514, 618.7506355487642, 1410.9333885556039, 0.0, 1318.8754435154217, 1475.2577219919908, 1082.100548870113, 295.87313444278794, 2814.7643902685704, 746.6290030590826, 1261.1713996709568, 1134.9361128275013, 2493.0194291390912, 1504.775648956681, 465.9066905314843, 1029.5529954349124, 391.6296186577307, 356.3835572090835, 1594.188873238362, 2327.953995467479, 526.0427003171895, 201.71958529106698, 613.7304092881499, 2012.3158166403696, 404.043792015172, 559.9202730041127], [1361.4408062174425, 1880.685429471393, 444.14652550819335, 1059.8394833983114, 1521.8106739161078, 1296.668240502944, 1289.9520491808992, 788.6662753192885, 608.3447130205047, 1089.9871731818682, 2013.7473048562963, 885.455438917735, 755.151616888953, 718.5037853324083, 1543.4424736247868, 2029.4276117400689, 1626.8936121394045, 728.7479678530848, 695.6131745625581, 1214.496033617649, 393.6564232347799, 1148.1729560867554, 415.210617458176, 987.8282239276219, 315.70280992255954, 1318.8754435154217, 0.0, 576.0199885047388, 1059.7692030064845, 1349.9970894935298, 1584.958603050565, 844.2386294200239, 235.18188190419724, 709.1278613310859, 1317.1129934159028, 258.0076450902181, 1523.880722920925, 900.2575857636524, 1247.4442083724628, 1409.7071929748392, 275.66225397213856, 1052.6850873936612, 1511.0475039511507, 1274.9327042640334, 1590.6368562902724, 839.644873951481, 924.1453378392388, 1384.4336574083286], [1623.3404407409425, 1464.0768881930348, 729.8703629248138, 563.6168227271075, 1057.9982649985777, 1537.9742954132876, 1195.1826291094594, 1001.6408118407509, 784.695015231395, 1150.7323981995112, 1855.8643089948682, 546.460876559338, 735.8276886262158, 153.53403950915882, 1841.8320456246813, 1830.1554719121546, 1233.053091809514, 1036.879686230278, 800.0596922242732, 1434.158548145218, 748.4774006107328, 667.2731682002511, 213.79702053349544, 933.7988831397257, 264.80074901706735, 1475.2577219919908, 576.0199885047388, 0.0, 732.3857298077287, 1612.2482416228586, 1364.3928465280815, 769.4147892002075, 371.55551798486283, 403.1644728656034, 1026.4424276003022, 406.6005663572049, 1811.4683803779185, 617.7719936190044, 1247.9499336868446, 1683.4683292773875, 635.1068408417597, 951.8698677708005, 1822.5127798317355, 1509.8185914105704, 1913.4998713587615, 568.6137571673762, 1084.6131070022159, 1729.2334420881407], [1333.518829557723, 1964.8426055094076, 839.8035608700404, 365.9525374266448, 1537.742368773781, 1237.9304326116228, 580.5786329146125, 844.994714959212, 728.6751819631294, 732.7699293093294, 2538.223054249763, 1231.2455974743618, 484.403829969376, 639.5757727822406, 1565.9164102978168, 2493.545156458972, 1782.91294506406, 981.5595745755835, 645.1837094936602, 1129.4415399692014, 915.0612076954197, 1198.0614671418157, 703.9961795698893, 470.83181803378596, 879.0311267628691, 1082.100548870113, 1059.7692030064845, 732.3857298077287, 0.0, 1324.927072499464, 2034.9599565802268, 407.45687764228495, 839.2847242199755, 364.42665342287995, 1680.7710665667707, 1044.3805809933463, 1525.2717881836668, 161.88961689373386, 725.6628175571631, 1398.71568060203, 1256.1231855013266, 1676.9177930155076, 1567.1435121634524, 1207.4173174263324, 1661.772197637209, 1277.578439634138, 820.8023444100295, 1534.6725583270202], [11.485754176369403, 3075.6736625684134, 931.8251428095297, 1646.6746376795265, 2663.1466435455636, 87.24394489017581, 884.5780866203953, 611.5374553017996, 829.7211555004492, 596.9649437295295, 3357.0993955968893, 2127.3475860972976, 925.5791399469849, 1651.2410168597441, 242.35953126295635, 3363.2146858352653, 2844.561306572422, 622.1980681430955, 817.4612209921648, 195.9169674581553, 960.8430860057226, 2274.79878111098, 1412.85372015117, 854.1121263470037, 1502.4271111771113, 295.87313444278794, 1349.9970894935298, 1612.2482416228586, 1324.927072499464, 0.0, 2906.8657046208723, 951.548357022385, 1343.6096945307447, 1316.5402098291565, 2602.6119960628025, 1568.3348560514753, 204.6385174521161, 1248.9081808571843, 677.9146622112546, 74.63261490796074, 1616.9550452934677, 2394.572836702614, 243.2062175726602, 117.56686848342936, 337.12099340444485, 2114.895721854862, 540.4929790820596, 266.39151263506886], [2918.3279194747797, 674.70798917013, 1975.2288166602368, 1726.6895980187057, 757.1418544453874, 2842.8795607434727, 2553.8403506942245, 2304.693798839663, 2089.952539454425, 2507.4807198511016, 505.0996061768407, 818.7471528872638, 2094.0050176831, 1406.5514267189092, 3116.2103264896928, 465.82280208787563, 518.7978724898553, 2289.407225190399, 2132.9887636433996, 2747.76405592711, 1952.8932611430657, 883.5785051827595, 1523.838532326178, 2298.167515500121, 1407.4895094134806, 2814.7643902685704, 1584.958603050565, 1364.3928465280815, 2034.9599565802268, 2906.8657046208723, 0.0, 2133.484776660241, 1564.016411090369, 1759.8663653868723, 356.4331698327188, 1343.7831913999366, 3092.910820525222, 1957.5355708239374, 2612.057279709233, 2972.234530825755, 1358.309256022722, 551.6257594501905, 3087.291248524668, 2817.5094788003817, 3170.2064537378315, 803.7109485312494, 2412.767296973747, 2966.7668871795436], [961.156618463921, 2184.8339091136877, 498.69803343105343, 695.9655815261268, 1760.8952329278422, 866.5789306508668, 455.98844595559655, 437.6256611408889, 348.9429330205729, 397.74809256362215, 2622.0205483010614, 1315.8697675689639, 99.87532510585419, 755.8871866780128, 1193.8226023166087, 2599.301682446653, 1973.0089351153485, 578.5925664273611, 249.99500829016563, 756.5034950626472, 580.7042008673611, 1384.7694423231617, 628.9374980751268, 165.95578717537964, 787.1391531209713, 746.6290030590826, 844.2386294200239, 769.4147892002075, 407.45687764228495, 951.548357022385, 2133.484776660241, 0.0, 678.0985277148158, 393.4397485930977, 1795.0778622405219, 927.2207830770407, 1155.7134706167442, 299.69282423841963, 478.57924976016244, 1026.1779843516424, 1094.379023894373, 1693.9451517242233, 1189.0228674209764, 836.0316115034169, 1284.1478052007874, 1333.6235606107143, 423.3059123718925, 1141.7256758521287], [1355.0505406404588, 1776.3619686184454, 414.3622582583991, 824.8172898151445, 1391.2905559317935, 1278.863707792586, 1133.8319725435517, 741.6497025213453, 530.3409663867203, 985.1660643409316, 2024.2056952750618, 794.2119556044212, 602.4596142962616, 500.30596300763796, 1558.171781911417, 2022.932949584093, 1531.0497987263511, 731.7587966167545, 589.5768825361118, 1184.420574764303, 407.31551532687797, 1004.573853076517, 183.61181339445466, 835.834512532236, 161.2523504479853, 1261.1713996709568, 235.18188190419724, 371.55551798486283, 839.2847242199755, 1343.6096945307447, 1564.016411090369, 678.0985277148158, 0.0, 480.9049732369175, 1261.5482474281355, 253.12564184807482, 1532.7842360939135, 683.3507550365335, 1123.6343256175476, 1410.0634865654101, 425.0680751279726, 1066.8269761760807, 1532.312418009135, 1253.546246027645, 1618.7866831503775, 773.0015676859904, 857.1294814075649, 1422.4648556168272], [1326.8828275510987, 1791.5369332084672, 588.0153321342902, 404.2587107707143, 1368.1730851456625, 1234.9330800334887, 794.3866706094708, 734.9215686275642, 546.7891231763848, 790.399216488098, 2255.3419204413326, 941.5015613715144, 392.22669918556, 364.14631513308007, 1556.2489279369797, 2224.8074627403157, 1580.121862905517, 824.913125647786, 511.597013694372, 1125.9326318092928, 647.3425185742088, 991.3887368055987, 339.7889149369061, 549.2955092552638, 515.2238501399172, 1134.9361128275013, 709.1278613310859, 403.1644728656034, 364.42665342287995, 1316.5402098291565, 1759.8663653868723, 393.4397485930977, 480.9049732369175, 0.0, 1414.9914857598974, 680.0779489742334, 1520.8976713092832, 222.5847705774136, 863.4111191605074, 1390.6474335204446, 892.5147439504852, 1353.6126892789537, 1545.4215769559453, 1204.974533700194, 1639.804568997476, 970.7235100444409, 776.090927967851, 1477.4234450004506], [2613.9987547894893, 637.8899534190825, 1675.907502464859, 1370.258811416661, 505.30679129613907, 2534.7899371936132, 2207.039437200206, 1994.1875600326566, 1776.9171851633944, 2176.1730022560246, 861.5280786677813, 481.64825160691765, 1761.349430785669, 1057.1674309143277, 2819.6811426499985, 813.3324885211457, 388.6336597529863, 1993.1558672379344, 1811.556991126694, 2436.185273811498, 1662.4486114539002, 533.4300078791969, 1199.765144821686, 1958.4157102517843, 1101.1403043218431, 2493.0194291390912, 1317.1129934159028, 1026.4424276003022, 1680.7710665667707, 2602.6119960628025, 356.4331698327188, 1795.0778622405219, 1261.5482474281355, 1414.9914857598974, 0.0, 1063.728894493329, 2793.930486670884, 1607.612616380576, 2273.159576204232, 2670.2570752363904, 1124.025955872017, 417.3881349200048, 2793.7421477559456, 2508.3309927130836, 2879.658647933119, 488.57010039706773, 2094.4632899922126, 2680.9427482618876], [1579.8201922779058, 1622.737536030087, 638.2556915421909, 955.9472889573982, 1267.648894532709, 1508.383233277936, 1383.1821663183057, 978.8648977570907, 774.4525235577713, 1237.2449548961597, 1789.2259082857584, 627.5908038714392, 854.5750282011521, 560.103061839515, 1773.1258053742267, 1795.8502203602616, 1368.9002931787984, 947.6356228134318, 840.3423855786401, 1418.488144888071, 609.714504952113, 899.9885440570891, 340.3944558670132, 1087.0563452981635, 166.88499818138246, 1504.775648956681, 258.0076450902181, 406.6005663572049, 1044.3805809933463, 1568.3348560514753, 1343.7831913999366, 927.2207830770407, 253.12564184807482, 680.0779489742334, 1063.728894493329, 0.0, 1750.707352564957, 897.7419473824311, 1376.753279050753, 1631.8461925959812, 229.60158242050545, 827.3330073531457, 1743.6380986752965, 1484.4572779561565, 1826.4463493034773, 582.5917170523445, 1101.49082059044, 1623.6628233133877], [194.68440177887953, 3275.467780443581, 1118.842157423915, 1850.3615591435096, 2864.517608257453, 289.26051750109303, 1062.4600910490708, 809.8283643266645, 1027.238412468109, 794.0857108329054, 3536.409008776275, 2321.0688265238923, 1130.1528093580976, 1853.7326688454843, 44.340808754464554, 3546.530046868488, 3042.5454116528817, 803.5109104548612, 1019.8793462096393, 399.2890495230239, 1141.0471981771836, 2475.5664577387133, 1609.7084814648892, 1054.6129248183904, 1692.8103788744327, 465.9066905314843, 1523.880722920925, 1811.4683803779185, 1525.2717881836668, 204.6385174521161, 3092.910820525222, 1155.7134706167442, 1532.7842360939135, 1520.8976713092832, 2793.930486670884, 1750.707352564957, 0.0, 1452.4985204484726, 857.441620116495, 130.25908013263447, 1785.2116591947859, 2574.0223346810735, 80.59687356839603, 319.8728371650209, 149.6450932072279, 2305.5661125426436, 744.807222599244, 221.19537179832687], [1258.2910774367751, 1939.7037116613963, 684.3119588082618, 397.8909335094223, 1512.3478617460994, 1163.245843520621, 604.0264295748993, 724.7643499158886, 585.5281009012294, 675.5624280982479, 2457.073774967491, 1143.0039462057855, 355.27231626598825, 550.9861662183544, 1491.2656379203543, 2420.451756307074, 1742.6925070720306, 849.5868457932955, 512.1914664361367, 1053.2803374610207, 757.7240741358299, 1152.2789527419127, 558.9767678759107, 412.23222355487985, 734.745086595344, 1029.5529954349124, 900.2575857636524, 617.7719936190044, 161.88961689373386, 1248.9081808571843, 1957.5355708239374, 299.69282423841963, 683.3507550365335, 222.5847705774136, 1607.612616380576, 897.7419473824311, 1452.4985204484726, 0.0, 708.3568397079265, 1323.4740836707008, 1103.9738659406753, 1569.5798868264083, 1487.663378526877, 1132.6272403633077, 1582.7822783446877, 1179.6771533415397, 722.8760524107859, 1441.2640984080613], [683.4331399778614, 2644.993767992658, 822.7018033558695, 1084.9531564450147, 2218.3516450538227, 594.4391648141965, 206.6752152049202, 539.187633812201, 646.0905113511573, 180.44713725908733, 3099.868453952522, 1794.380129823388, 527.4256733682957, 1227.50028217064, 901.1879843656369, 3077.876119637209, 2440.9635222251895, 693.5326989493716, 551.929430051524, 504.2905254166491, 896.934797937955, 1850.6138372186135, 1101.246675167739, 314.91081437448304, 1250.1504031343588, 391.6296186577307, 1247.4442083724628, 1247.9499336868446, 725.6628175571631, 677.9146622112546, 2612.057279709233, 478.57924976016244, 1123.6343256175476, 863.4111191605074, 2273.159576204232, 1376.753279050753, 857.441620116495, 708.3568397079265, 0.0, 744.1682884489229, 1516.2929414638188, 2166.391039684434, 915.5269075723553, 567.4650276519247, 1004.7166861185291, 1811.7182418182465, 402.13612008870814, 930.8815777149097], [65.28526805489908, 3147.2455275426155, 997.0636375537921, 1721.2594633596061, 2735.4970592014897, 160.8368539110362, 950.5467372565115, 682.036101056975, 899.9339039379502, 669.5490721089831, 3419.6500360324876, 2196.0257116732487, 999.90994024312, 1724.1615621582569, 167.80893626383556, 3427.4573757270855, 2915.258760945416, 684.3449254323433, 890.2830451322773, 270.3138032768577, 1023.0023329284248, 2346.8306535325464, 1482.8967804527053, 927.884582767167, 1569.4798303769305, 356.3835572090835, 1409.7071929748392, 1683.4683292773875, 1398.71568060203, 74.63261490796074, 2972.234530825755, 1026.1779843516424, 1410.0634865654101, 1390.6474335204446, 2670.2570752363904, 1631.8461925959812, 130.25908013263447, 1323.4740836707008, 744.1682884489229, 0.0, 1674.4322736175384, 2457.0493999173077, 171.96386483793663, 191.42347306691488, 264.3923881090375, 2182.1976696990578, 614.5565676363726, 226.18620984489738], [1628.3408825921551, 1724.6145353524655, 719.8048251463725, 1184.9524528777515, 1403.8054188497779, 1566.6365440203413, 1547.07367497382, 1064.1605682381767, 882.2235549592857, 1362.4584813762215, 1763.6753486481007, 749.9504140848248, 1011.2776271257065, 788.6154259333251, 1802.5642010608108, 1788.9238475871466, 1466.1435656664055, 998.5824487967933, 965.8414101963115, 1487.0775148572452, 667.5261027053547, 1060.6774531194676, 557.300168603061, 1245.7816317754086, 391.76022271282244, 1594.188873238362, 275.66225397213856, 635.1068408417597, 1256.1231855013266, 1616.9550452934677, 1358.309256022722, 1094.379023894373, 425.0680751279726, 892.5147439504852, 1124.025955872017, 229.60158242050545, 1785.2116591947859, 1103.9738659406753, 1516.2929414638188, 1674.4322736175384, 0.0, 812.1075527059214, 1767.845866571518, 1545.7351000999492, 1844.0308879045378, 680.9421888677481, 1199.7522716631966, 1634.9999243669706], [2406.057565213476, 1051.8960202306116, 1465.58085903235, 1429.9844483997022, 885.9871750505195, 2335.582436098114, 2137.6412979087495, 1805.1645926610126, 1596.937879730142, 2043.059626724585, 962.6020255832618, 482.60721057191074, 1639.323452359845, 1040.0506804314875, 2594.8277977615394, 978.0376516678689, 805.972909093724, 1772.8045819438198, 1653.415047994907, 2245.705359948184, 1434.0641771151668, 749.2447726784618, 1065.5682689236767, 1859.7347738441094, 921.5750608051419, 2327.953995467479, 1052.6850873936612, 951.8698677708005, 1676.9177930155076, 2394.572836702614, 551.6257594501905, 1693.9451517242233, 1066.8269761760807, 1353.6126892789537, 417.3881349200048, 827.3330073531457, 2574.0223346810735, 1569.5798868264083, 2166.391039684434, 2457.0493999173077, 812.